function delta2= des2dT2(T)

delta2 = 611*exp(((1727*T)./100 - 9434601/2000)./(T - 717/20)).*(1727./(100*(T - 717/20)) - ...
    ((1727*T)/100 - 9434601/2000)./(T - 717/20).^2).^2 - 611*exp(((1727*T)./100 - ...
    9434601/2000)./(T - 717/20)).*(1727./(50*(T - 717/20).^2) - (2*((1727*T)./100 - 9434601/2000))./(T - 717/20).^3);

end

