function delta= desdT(T1)
% T in K, delta is Pa/K
delta = 611.*exp(((1727*T1)/100 - 9434601/2000)./(T1 - 717/20)).*(1727./(100*(T1 - 717/20)) - ((1727*T1)/100 - 9434601/2000)./(T1 - 717/20).^2);
end


